 0.000000
 0.000000
 0.000001
 0.000001
 0.000001
 0.000001
 0.000001
 0.000002
 0.000003
 0.000003
 0.000005
 0.000006
 0.000008
 0.000010
 0.000013
 0.000016
 0.000018
 0.000022
 0.000026
 0.000030
 0.000036
 0.000041
 0.000047
 0.000054
 0.000061
 0.000069
 0.000078
 0.000087
 0.000096
 0.000107
 0.000118
 0.000131
 0.000155
 0.000157
 0.000174
 0.000189
 0.000212
 0.000233
 0.000263
 0.000289
 0.000302
 0.000315
 0.000380
 0.000362
 0.000391
 0.000417
 0.000443
 0.000473
 0.000504
 0.000539
 0.000566
 0.000607
 0.000638
 0.000679
 0.000755
 0.000841
 0.000793
 0.000844
 0.000884
 0.000924
 0.000977
 0.001020
 0.001075
 0.001131
 0.001895
 0.003004
 0.002067
 0.002163
 0.001671
 0.001883
 0.001916
 0.003341
 0.002900
 0.002243
 0.002241
 0.002344
 0.002825
 0.002712
 0.002165
 0.002342
 0.002961
 0.006053
 0.002887
 0.002707
 0.002671
 0.003217
 0.004049
 0.003619
 0.003487
 0.003733
 0.003969
 0.003533
 0.004691
 0.003746
 0.004556
 0.003828
 0.003873
 0.004475
 0.004320
 0.004443
 0.004464
 0.004639
 0.005563
 0.005526
 0.005447
 0.005725
 0.005941
 0.006485
 0.006368
 0.006926
 0.006681
 0.006691
 0.006812
 0.007961
 0.007492
 0.008013
 0.007535
 0.007951
 0.008248
 0.008638
 0.009790
 0.009416
 0.009262
 0.008935
 0.009223
 0.009051
 0.009778
 0.010250
 0.010825
 0.010344
 0.010994
 0.010910
 0.012938
 0.011625
 0.011554
 0.012059
 0.011366
 0.011548
 0.014572
 0.013826
 0.014050
 0.014488
 0.014563
 0.014404
 0.016236
 0.015092
 0.014530
 0.016014
 0.016737
 0.017069
 0.016484
 0.020199
 0.018677
 0.024154
 0.019145
 0.020066
 0.019942
 0.020932
 0.022331
 0.023686
 0.021735
 0.020707
 0.020037
 0.021273
 0.022016
 0.022355
 0.024248
 0.026265
 0.025860
 0.027297
 0.027678
 0.029931
 0.024538
 0.026698
 0.028059
 0.029615
 0.039497
 0.060145
 0.034522
 0.034785
 0.034185
 0.035306
 0.035671
 0.034963
 0.033919
 0.038907
 0.034950
 0.039328
 0.036442
 0.083162
 0.138236
 0.055841
 0.045806
 0.051535
 0.047858
 0.050909
 0.049839
 0.054424
 0.042505
 0.046499
 0.042529
 0.041233
 0.046676
 0.050623
 0.050924
 0.049424
 0.049050
 0.049581
 0.047099
 0.051225
 0.052699
 0.077414
 0.054504
 0.057913
 0.057774
 0.053504
 0.052279
 0.053892
 0.078288
 0.092678
 0.060052
 0.058105
 0.058117
 0.053304
 0.056165
 0.093084
 0.055301
 0.064728
 0.054584
 0.057524
 0.060852
 0.059398
 0.061857
 0.061586
 0.063581
 0.064962
 0.060869
 0.064060
 0.072071
 0.065540
 0.067850
 0.089211
 0.072576
 0.076875
 0.068444
 0.079027
 0.078538
 0.077024
 0.069928
 0.076877
 0.078884
 0.085106
 0.076162
 0.088764
 0.150529
 0.098645
 0.138452
 0.108549
 0.100308
 0.096623
 0.096059
 0.100376
 0.100305
 0.097360
 0.089282
 0.092559
 0.090833
 0.098619
 0.094512
 0.094641
 0.094946
 0.098653
 0.098630
 0.127023
 0.113059
 0.116270
 0.112105
 0.113220
 0.169859
 0.133009
 0.130724
 0.119946
 0.119824
 0.125755
 0.123310
 0.122710
 0.112901
 0.119466
 0.119308
 0.124660
 0.126015
 0.133568
 0.119772
 0.138844
 0.140374
 0.143201
 0.131388
 0.136354
 0.136089
 0.145078
 0.136700
 0.137545
 0.140049
 0.146527
 0.164482
 0.168542
 0.176899
 0.204368
 0.160859
 0.162090
 0.156639
 0.161728
 0.158427
 0.165545
 0.358205
 0.220190
 0.172434
 0.202967
 0.328655
 0.177614
 0.179846
 0.178147
 0.176759
 0.169460
 0.173668
 0.202185
 0.250377
 0.358704
 0.212044
 0.199735
 0.197005
 0.206704
 0.192863
 0.222883
 0.382376
 0.660569
 0.201461
 0.300921
 0.296701
 0.318093
 0.377555
 0.283613
 0.277701
 0.202470
 0.201277
 0.205965
 0.232880
 0.410451
 0.293210
 0.277656
 0.272771
 0.251010
 0.234694
 0.229878
 0.256674
 0.318803
 0.262986
 0.234768
 0.351019
 0.256965
 0.231621
 0.278687
 0.254925
 0.242631
 0.257348
 0.345498
 0.304293
 0.281549
 0.292238
 0.355253
 0.306473
 0.375231
 0.281782
 0.305126
 0.324576
 0.338500
 0.265707
 0.329488
 0.374416
 0.344266
 0.332904
 0.338654
 0.328214
 0.382325
 0.457181
 0.401764
 0.295504
 0.290461
 0.348402
 0.328159
 0.344507
 0.328856
 0.297044
 0.336746
 0.411751
 0.449600
 0.318002
 0.337901
 0.362900
 0.386345
 0.344171
 0.365928
 0.342414
 0.360559
 0.380499
 0.382071
 0.382870
 0.415852
 0.329700
 0.403256
 0.386276
 0.395190
 0.390215
 0.390663
 0.462960
 0.400156
 0.399825
 0.415519
 0.414623
 0.424757
 0.504923
 0.525930
 0.481813
 0.396639
 0.369100
 0.481373
 0.429705
 0.480117
 0.480089
 0.494291
 0.442467
 0.504804
 0.450631
 0.444673
 0.464513
 0.475419
 0.467626
 0.482270
 0.497959
 0.495854
 0.421496
 0.521902
 0.505988
 0.510837
 0.542615
 0.632424
 0.645691
 0.467599
 0.527408
 0.557877
 0.509311
 0.532255
 0.538870
 0.555474
 0.564380
 0.628680
 0.475900
 0.500774
 0.508804
 0.508225
 0.565903
 0.512560
 0.590130
 0.601768
 0.563391
 0.642898
 0.568288
 0.602844
 0.618587
 0.596992
 0.656600
 0.697423
 0.582812
 0.654488
 0.641950
 0.642564
 0.669251
 0.668001
 0.650668
 0.690589
 0.575187
 0.616354
 0.628570
 0.687197
 0.719777
 0.662444
 0.737129
 0.844103
 1.008114
 0.976054
 1.039678
 1.062859
 1.013818
 0.836000
 0.718495
 0.871272
 1.013024
 1.252732
 1.223318
 0.985441
 0.930113
 1.336305
 1.627022
 0.979548
 1.066524
 0.742557
 0.733652
 1.113548
 1.092891
 1.262722
 1.407493
 1.174777
 1.194550
 0.742646
 0.804707
 0.813735
 0.950112
 1.020029
 1.054307
 1.261481
 0.888551
 0.927867
 0.866673
 0.956591
 0.885700
 0.850151
 0.967060
 0.852613
 0.776930
 0.835814
 0.824464
 0.896305
 0.817317
 0.837334
 0.981210
 1.025911
 0.841590
 0.949998
 0.925203
 1.062702
 1.136269
 1.010654
 1.017609
 1.211546
 1.029059
 1.125567
 1.386809
 1.036689
 1.199389
 1.080125
 1.069117
 1.216232
 1.271251
 1.152136
 1.166790
 0.996957
 0.978129
 1.124654
 1.334798
 1.040918
 0.941463
 1.056248
 1.085343
 1.031038
 1.282299
 1.493367
 1.230239
 1.333121
 1.144422
 1.322275
 1.199053
 1.201424
 1.095688
 1.184724
 1.289205
 1.522461
 1.502078
 1.194584
 1.188068
 1.381694
 1.420691
 1.406307
 1.248392
 1.243906
 1.269767
 1.672020
 1.555935
 1.386500
 1.223206
 1.355853
 1.505124
 1.459846
 1.213553
 1.422030
 1.518044
 1.385162
 1.587932
 1.695742
 1.442736
 1.660429
 1.347879
 1.438997
 1.499735
 1.562349
 1.748728
 1.828154
 1.607628
 2.045673
 1.858529
 1.623931
 1.741501
 1.558986
 1.467533
 1.686818
 1.576173
 1.691911
 1.621387
 2.078887
 1.877271
 2.080520
 1.853367
 1.876581
 2.075834
 2.135547
 1.484125
 1.865378
 1.958439
 1.953718
 1.894499
 1.946759
 2.123044
 2.006096
 1.702596
 2.246660
 2.069961
 2.373070
 2.451465
 2.634554
 2.334248
 2.691738
 2.495363
 2.237939
 3.033037
 2.802641
 3.147726
 2.995384
 2.480393
 2.424998
 2.094002
 2.740663
 2.639700
 2.292193
 2.543175
 2.965224
 2.338457
 2.813061
 1.938507
 2.534644
 2.562335
 2.529126
 2.455948
 2.363904
 2.804434
 2.705021
 1.975482
 2.677701
 2.595790
 2.580297
 2.587730
 2.797603
 2.591859
 3.224597
 2.025098
 2.555335
 2.559219
 2.734602
 2.524876
 2.928932
 2.962122
 3.248753
 2.319604
 3.495052
 3.595291
 4.132677
 3.377523
 3.598957
 4.471000
 4.555498
 2.630634
 3.131625
 3.153862
 3.089952
 3.020108
 3.049384
 3.094292
 3.315691
 2.508718
 3.200550
 3.181069
 3.585874
 3.876896
 3.385092
 3.587002
 3.594647
 3.284055
 3.859796
 3.575605
 3.556999
 3.401687
 3.457324
 3.505933
 3.382610
 2.721507
 3.668069
 3.430397
 3.617973
 3.570499
 3.650415
 3.778991
 3.520956
 2.471262
 3.432396
 3.429724
 3.378116
 3.422518
 3.687575
 3.461275
 3.552890
 2.867089
 3.710823
 3.675964
 3.568863
 3.519081
 3.863534
 3.751923
 3.655866
 2.692442
 3.686864
 3.819440
 3.587114
 3.834231
 4.269619
 4.272459
 4.618902
 5.628979
 5.131275
 4.492011
 4.490000
 4.639979
 4.637433
 4.567548
 4.710856
 3.496565
 4.729611
 4.775839
 4.758755
 4.713012
 4.786464
 4.714070
 4.347604
 3.252901
 5.128487
 7.079454
 4.671766
 6.324649
 4.529480
 4.533699
 4.845770
 4.347100
 5.029852
 5.257283
 5.220174
 4.621495
 4.718901
 4.628179
 4.654172
 3.521122
 4.793238
 4.526556
 4.731563
 4.571862
 4.825849
 4.568597
 4.950683
 3.419334
 4.528137
 4.627902
 4.911987
 4.509934
 4.543730
 4.942345
 4.942595
 4.388377
 4.820526
 4.829497
 5.011682
 4.903395
 4.961438
 4.862235
 4.829533
 3.676227
 5.336018
 5.057464
 4.926540
 4.849338
 4.952080
 5.065822
 5.190782
 4.021763
 5.219845
 5.346052
 5.468528
 5.353775
 5.312197
 5.411613
 5.236733
 3.868258
 5.427077
 5.407075
 5.803083
 5.035258
 5.197925
 5.471808
 5.682527
 4.538424
 5.459912
 5.507652
 5.679626
 5.896513
 5.434026
 5.404341
 5.423012
 5.026587
 6.357865
 6.238669
 6.159754
 5.897505
 5.970774
 5.921334
 6.042866
 5.051727
 6.573278
 7.584379
 9.188117
 6.880621
 6.920283
 9.244039
 6.385988
 4.908449
 5.992810
 5.936899
 6.207190
 5.872813
 6.697764
 9.085504
 7.040609
 4.694908
 6.012447
 6.034742
 6.435206
 5.954679
 6.113406
 6.109208
 6.038511
 4.498283
 6.146217
 6.534055
 6.119179
 6.376272
 6.807187
 6.693841
 6.862901
 5.180223
 6.700696
 8.076928
 8.176002
 7.608698
 6.458112
 6.743127
 7.277954
 5.117828
 7.357036
 6.434831
 6.541715
 6.396036
 6.509720
 6.537732
 6.523715
 5.034241
 6.789015
 6.733262
 6.871564
 6.566779
 6.714845
 6.657533
 6.770747
 6.347083
 6.744998
 6.790079
 6.902844
 6.696015
 6.900278
 6.886265
 7.021601
 5.218810
 6.966959
 7.050995
 7.135697
 6.913426
 7.039075
 7.602845
 7.108098
 5.111283
 7.208412
 7.381619
 7.517858
 7.079283
 8.545752
 7.390213
 7.373834
 5.535041
 7.764019
 7.448869
 7.706696
 7.276003
 7.458385
 7.477399
 7.484999
 5.881659
 8.184320
 7.466883
 7.910698
 7.544097
 7.644467
 7.833745
 7.636418
 5.726867
 7.903405
 7.945052
 7.857717
 7.876706
 8.132102
 7.911882
 8.053805
 5.619289
 7.936401
 8.026443
 7.984151
 7.879338
 8.046762
 8.060919
 8.141817
 6.198419
 8.234175
 8.258784
 8.233796
 8.057758
 8.841311
 9.070301
 8.421052
 7.543564
 8.379834
 8.379477
 8.591965
 8.438444
 8.625097
 8.531414
 8.721395
 6.514446
 8.531511
 8.640824
 8.531375
 8.427152
 8.699431
 8.885991
 8.831864
 6.371555
 8.920313
 8.842295
 8.826312
 8.636069
 8.877374
 9.398020
 10.218387
 6.662189
 9.010777
 8.946847
 10.635976
 8.873705
 9.410169
 9.168193
 9.532478
 7.894464
 10.859016
 9.240130
 9.392512
 1804.498168
 10.144720
 1803.453076
 9.493303
